
x=[
0.869160702
0.7841946
0.728702085
0.685778178
0.648173163
0.613214732
0.580528248
0.550728601
1.448601169
1.306991001
1.214503475
1.142963631
1.080288605
1.022024553
0.967547081
0.917881001
2.028041637
1.829787401
1.700304865
1.600149083
1.512404047
1.430834375
1.354565913
1.285033401
2.897202339
2.613982002
2.42900695
2.285927261
2.16057721
2.044049107
1.935094161
1.835762002






];
y=[

0.007 
0.007 
0.007 
0.007 
0.006 
0.006 
0.006 
0.006 
0.010 
0.010 
0.009 
0.009 
0.009 
0.008 
0.008 
0.008 
0.013 
0.012 
0.012 
0.011 
0.011 
0.010 
0.010 
0.010 
0.018 
0.016 
0.016 
0.015 
0.014 
0.014 
0.013 
0.012 


 











 
]


% % z_EHS9=@(x)(0.02013*x + 0.2106) / (x + 1.328);
%  z_EHS9=(2013*x)/100000 + (1149171*log(x + 166/125))/6250000+2
% 
% % z_E202=@(x)(0.01689*x + 1.086) / (x + 7.029);
% % (0.02177*x + 0.3971) / (x + 0.2561)
% z_e202l=(2177*x)/100000 + (391524703*log(x + 2561/10000))/1000000000+2
% z_E202=(1689*x)/100000 + (96728019*log(x + 7029/1000))/100000000+2
% 
% p = polyfit(x,y,10); 
% xi = [	
%     0:10:120
%     1	3	11	22	33	49	59	72	90	98	115	144	145	146	147
% 0.64063 1.875 9.8281 22.594 33.422 52.531 74.406 85.063 102.7 142 143 144 145 146 147
% ]
% yi = polyval(p,xi);
% q=plot(x,z_EHS9,'-*',x,z_E202,x,z_e202l);
% lg1=legend('EHS9','E202','E202low');

% yi
%Y= Qcut*slope+slope*(x-4.5)
% -3000/268435456*x*x+P1_EV_Inv_Istatic*x/131072+P0_EV_Inv_Istatic

 cftool;